2	919	937	1048	1194	1241	1246	1250	1286	1292	1297:11213:2391	454	1	450	12	570	695	837	1066	3683	1054
705	921	933	1040	1167	1280:523:362	112	4	29	12	4
722	980	1245	1251	1257	1272:1842:575	220	66	270	216	495
1241	1247	1257	1287	1302:5423:1187	679	812	1033	1712
1044	1106	1272	1287:369:8	8	216	137
762	976	1153	1241	1246	1257	1272:2014:479	208	66	362	208	325	366
694	919	1279	1286:656:341	66	37	212
5	933	1252	1267	1272	1280:878:254	16	391	1	208	8
4	1177	1242	1243	1251	1257	1267	1272	1292	1301:10333:700	25	1012	1104	1291	566	2145	516	2870	104
5	1141	1242	1247	1273:2148:341	170	525	250	862
933	1021	1241	1246	1280:339:4	120	166	45	4
5	541	1037	1126	1251	1253	1279	1287	1295	1302:2338:329	166	41	258	350	1087	45	4	50	8
909	920	933	1253	1258	1286:2476:945	145	4	241	541	600
1113	1242	1247	1267	1282	1285	1295	1302:1229:70	570	391	91	54	4	45	4
911	932	1245	1257	1269	1279:1206:791	8	25	254	12	116
5	921	1245	1252	1253:1852:408	266	4	433	741
611:187:187
981	1242	1247	1282	1286	1296:1097:104	458	249	166	16	104
2	933	972	1267	1282	1286	1297:1126:466	4	33	37	162	379	45
876	933	973	1108	1251	1258	1271	1302:4298:1412	37	200	375	300	829	25	1120
2	99	1250	1280:427:366	24	33	4
932	1156	1258	1287	1292:2948:20	166	750	175	1837
856	1267	1271	1282	1286	1297:1056:525	83	8	95	258	87
116	1000	1161	1242	1246	1267	1282:893:49	241	25	333	133	37	75
872	999	1120:741:500	154	87
4	1013	1108	1251	1270	1280	1302:1673:350	212	37	250	4	8	812
687	920	932	1027	1242	1247	1251	1257	1267	1291	1296	1302:12318:566	516	37	604	2520	1358	1324	983	191	191	695	3333
1242	1246	1272	1282	1287	1292	1297:3455:1000	287	791	895	104	91	287
5	938	1020	1241	1247	1252	1253	1258	1267	1282	1286	1292:9804:499	1	245	537	600	779	608	1233	1100	24	1274	2904
656	932	981	1129	1241	1247	1267	1272	1286	1296:6155:550	25	600	375	687	683	1645	670	145	775
636	933	1032	1101	1245	1257	1272:1263:308	12	62	20	125	245	491
685	921	1242	1247	1257	1272:2385:466	191	758	425	91	454
85	1020	1130	1240	1245	1250	1266	1272	1286	1292	1297:10410:620	1129	287	37	412	237	112	345	2399	4491	341
5	933	1241	1243	1252	1257	1271	1286:3605:375	16	570	720	612	354	83	875
921	1167	1242	1243	1252	1282:3809:445	116	1095	979	1170	4
5	66	934	1000	1130	1241	1243	1252	1297:2355:233	66	8	429	200	129	129	1091	70
518	921	1250	1272	1278:573:83	150	95	225	20
916	932	1177	1241	1246	1251	1267	1272	1278	1286	1292	1293:12249:120	195	58	1149	775	1079	1166	2441	891	554	3820	1
932	965	1251	1258	1278	1297:1491:8	74	250	1054	1	104
591	920	1241	1246	1282:890:233	129	208	116	204
1016	1245	1252	1281:341:133	29	175	4
521	933	1017	1157	1245	1252	1282:748:58	4	208	33	50	258	137
1242	1247	1251	1257	1282:1082:550	237	187	104	4
6	1177	1242	1243	1252	1257	1267	1292:10972:450	162	1483	929	1054	729	1424	4741
712	1113	1241	1246	1287	1292	1295:5198:1054	512	158	191	429	2729	125
5	1250	1282	1286	1295:540:141	25	8	362	4
749	932	1240	1245	1252	1253	1279	1286	1292:11930:1491	25	341	941	1733	2962	275	750	3412
1245:37:37
3	16	980	1241	1247	1252	1254	1267	1269	1285	1292	1295	1298:9460:1379	537	1441	495	900	2420	33	304	20	58	1091	224	558
2	531	918	933	1017	1246	1252	1272	1296	1302:3721:887	62	33	8	404	62	1008	612	200	445
855	933	973	1104	1241	1245:877:608	12	120	58	29	50
5	555	1012:365:170	58	137
628	974	1286	1297:390:208	75	20	87
602	932	1139	1267	1282	1287:641:241	4	137	54	1	204
1111	1242	1247	1253	1286	1292:3073:120	962	429	966	1	595
5	933	1246	1252	1272	1282:1389:270	4	116	387	337	275
5	1037	1252	1253:1586:258	79	520	729
666	999	1130	1246	1297:772:304	212	170	41	45
2	1044	1242	1247	1272	1287:2785:629	33	775	566	416	366
747	918	981	1098	1253	1266	1286	1295:1493:566	33	183	49	637	16	1	8
587	1020	1251	1286	1292:3702:245	154	254	875	2174
507	1026	1241	1246	1267	1271	1286	1297:1148:8	175	400	179	258	8	12	108
2	1044	1128	1242	1247	1251	1266	1272	1280	1287:10352:2129	170	166	2295	1637	1220	145	1087	20	1483
629	935	1242	1247	1258	1272:2882:358	1	833	349	816	525
5	984	1242	1247	1252	1287:4314:562	58	1166	929	1170	429
6	936	981	1128	1241	1247	1250	1286:1163:170	4	337	229	70	262	75	16
1	801	932	1154	1250	1296	1302:3764:1129	1308	37	125	137	233	795
733	1107	1278:338:333	4	1
988	1241	1246	1251	1266	1272	1286	1292:12567:1504	791	974	866	175	1775	2237	4245
932	988	1240	1245	1252	1272	1286	1292:11547:37	1050	100	550	1920	1391	1870	4629
2	1242	1247	1250	1271	1297:2085:695	766	379	83	4	158
5	537	933	1258	1270	1282:1284:220	49	4	991	8	12
623	919	1044	1129	1267	1271	1287	1296:972:258	112	33	112	112	29	229	87
5	1242	1247	1252	1257	1272:4497:558	1195	662	729	683	670
6	727	1005	1166	1241	1246	1252	1267	1282:12253:1254	1887	916	116	2195	1170	1612	3049	54
761	1131	1257:665:483	137	45
4	934	1167	1246	1252	1253	1267	1279	1287	1292	1298:10574:1029	37	62	483	3112	308	295	137	258	4729	124
5	934	1242	1247	1279	1296	1302:1184:200	16	470	254	33	41	170
2	933	973	1167	1252	1278:1556:600	8	179	79	670	20
5	933	1020	1242	1247	1251	1253	1258	1266	1286	1292:9274:708	24	391	758	829	662	1266	1058	16	833	2729
2	539	997	1120	1245	1282	1287:2222:883	279	445	483	16	16	100
5	920	934	1020	1128	1245	1252	1282	1286	1292:10565:912	566	12	545	208	262	1645	87	1004	5324
604	932	982	1153	1242	1246	1257	1272:2696:295	25	370	145	658	300	458	445
934	1136	1242	1247	1251	1273	1296	1302:3555:25	337	720	633	400	345	291	804
836	1120	1241	1246	1257	1272	1273:3334:962	208	466	220	308	212	958
900	1127	1253	1282	1286	1296:2555:925	141	833	45	466	145
668	1278:254:250	4
919	1006	1127	1281	1296:411:83	187	62	4	75
4	113	932	1014	1108	1241	1246	1267	1286	1292	1297	1302:11562:829	33	24	604	41	745	629	179	1329	5283	50	1816
5	1027	1108	1242	1247	1251	1267	1282	1291	1302:12582:1420	904	83	2287	1712	1295	279	1066	566	2970
4	934	958	1120	1251	1267	1278	1287	1292:5163:816	33	287	412	320	529	8	225	2533
3	1136	1246	1252	1266	1279	1296	1302:3925:795	254	183	1195	41	91	400	966
491	932	1127	1296:136:20	4	50	62
5	933	1241	1246	1250	1257	1272	1296	1302:2712:387	16	41	162	41	316	675	233	841
469	935	1040	1245:82:25	4	16	37
46	918	1022	1152	1267	1270	1279:363:33	4	62	20	224	4	16
831	973	1149	1245:852:695	83	66	8
1028	1153	1251	1272	1273	1287:1485:87	75	133	241	558	391
4	1258	1272	1292	1302:4969:479	587	479	2183	1241
634	978	1113	1241	1246	1257	1272	1295:1282:250	187	125	1	8	308	395	8
6	583	981	1246	1252	1272	1279	1286:2692:120	429	416	70	737	712	108	100
2	920	982	1252:1531:691	225	220	395
921	933	1011	1127	1245	1253	1287	1296:1168:225	8	262	104	41	420	25	83
6	695	972	1242	1247	1251	1271	1273	1286:11638:1412	1387	266	2362	879	1125	75	2149	1983
5	483	1273	1296:715:195	29	479	12
988	1144	1241	1246	1251	1272	1273	1286	1292:12283:1362	391	116	404	1579	1066	729	1945	4691
1252	1287:590:395	195
1242	1247	1267	1270:674:487	175	4	8
2	1128	1245	1250	1282:622:345	87	91	79	20
5	918	935	988	1245	1250	1253	1258	1267	1286	1292:9566:600	87	16	941	345	529	108	850	333	1445	4312
653	933	1016	1242	1243	1252:2073:404	8	233	500	537	391
6	721	1016	1242	1247	1257	1282	1295:4606:183	900	325	1275	666	691	541	25
839	1044	1245	1253	1282	1287:1897:666	87	20	875	8	241
932	1016	1106	1252	1267	1272	1281:1685:12	162	12	420	625	450	4
512	1017	1156	1246	1252	1273:886:100	162	37	83	350	154
684	936	1280:291:279	4	8
7	920	932	1123	1245	1251	1272:545:50	108	25	150	25	79	108
46	979	1121	1245	1250	1282	1296:485:79	137	83	70	33	8	75
78	921	994	1246	1253	1258	1295:4660:162	437	1025	237	1304	1370	125
706	1021	1242	1247	1266	1282	1295:972:233	129	387	154	8	37	24
906	1007	1128	1251	1280	1287:1248:662	200	162	204	8	12
10	921	982	1166	1242	1246	1251	1257	1266	1272	1279:11524:262	1437	1354	295	2004	1045	1408	1862	179	1349	329
791	932	1029	1157	1272:837:450	4	54	54	275
5	958	1252	1253	1267	1278	1287	1292:12387:949	1150	1845	2654	762	8	270	4749
69	1000	1172	1245	1271	1273	1278:462:79	200	33	8	1	137	4
896	987	1242	1247	1253	1258	1267	1287	1295:4978:1591	395	1050	562	70	812	241	162	95
627	920	1045	1251	1272	1282	1292	1297:2284:308	195	41	300	141	37	987	275
853	979	1171	1252:702:366	137	4	195
5	932	1119	1245	1282	1296:593:183	8	133	41	183	45
771	1017	1242	1247	1271	1295:1439:470	154	500	279	16	20
5	932	1005	1241	1247	1252	1296	1302:6684:900	25	583	845	891	995	483	1962
2	565	933	1166	1245	1252	1286	1292:11325:2658	1150	16	174	241	2533	658	3895
2	932	1128	1252	1272:777:354	20	58	150	195
3	920	937	1049	1242	1247	1252:2214:587	141	4	112	679	300	391
644	1271	1280	1286:607:204	54	12	337
863	932	1044	1287:749:554	12	4	179
991	1159	1241	1247	1251	1282	1296:1546:333	66	391	245	249	212	50
36	979	1166	1246	1251	1267	1278:3225:570	570	95	91	616	1279	4
755	934	964	1144	1246	1251	1257	1266	1271	1273	1279	1286	1292:11899:1325	8	345	470	629	1416	1799	83	75	2458	187	300	2804
6	552	932	1128	1250	1272	1278:593:104	133	4	166	112	62	12
1005	1241	1247	1266:732:183	362	183	4
718	932:174:166	8
5	1017	1245	1278	1296:423:145	187	8	8	75
1038	1251	1268	1297:323:116	104	12	91
4	41	918	1016	1241	1243	1252	1267	1297	1302:10963:1154	575	104	766	395	945	1925	2654	62	2383
5	984	1241	1246	1251	1253	1287:2480:362	291	87	279	287	929	245
673	917	934	984	1253	1267	1268	1287	1295:2612:525	29	12	220	762	462	320	245	37
5	932	970	1245	1257	1267:544:204	12	87	33	204	4
2	921	982	1127	1242	1247	1278	1296:3467:995	325	329	370	895	429	41	83
918	964	1130	1278	1286	1292	1297:560:45	54	91	4	33	275	58
617	919	1252:670:208	58	404
2	1167	1241	1246	1252:981:495	12	37	129	308
858	920	1250	1254	1258	1286	1292:11397:2083	679	349	1237	2100	808	4141
5	936	1130	1246	1251	1282	1297:988:195	1	162	1	254	300	75
811	1126	1241	1246	1250	1266	1281	1287	1292	1295	1302:10952:2024	308	1229	908	637	116	12	533	4770	274	141
140	991	1242	1247	1258	1273	1282	1291:8292:170	575	1541	708	2712	1895	479	212
2	973	1252	1272:1961:741	129	600	491
609	932	1242	1247	1258	1272	1282	1296:2890:329	4	700	404	554	483	208	208
1	852	1243	1253	1258	1273	1287	1292	1296	1302:11270:1287	1912	216	1358	850	1245	604	2662	141	995
2	973	1272	1282:549:350	75	120	4
1	773	1020	1241	1246	1252	1266	1272	1282	1286	1292	1296:9421:1204	975	195	233	300	775	4	562	416	937	3679	141
845	933	973	1148	1245	1272:1476:766	8	187	108	16	391
919	936	1000	1278:94:16	4	70	4
919	1005	1242	1247	1252	1257	1272:5430:270	525	1637	883	954	537	624
825	1027	1144	1271:586:404	95	83	4
842	980	1119	1241	1246	1296:2479:1045	295	345	408	141	245
920	933	1016	1257	1296:473:124	8	150	154	37
516	921	1017	1242	1247	1267	1270	1282	1295:1772:70	200	279	583	300	79	8	241	12
650	954	1128	1251	1270	1282:699:308	41	133	212	1	4
3	921	1242	1252	1253	1258	1266	1273	1296	1302:9274:837	287	1520	1216	95	1312	8	1320	454	2225
932	1032	1245	1250	1257	1266	1272:714:4	70	75	12	162	8	383
57	1242	1243	1251	1282	1296	1302:3111:208	1025	725	204	316	83	550
886	919	936	1145	1242	1247	1250	1267	1282	1287:10329:2104	341	4	279	1316	1208	116	2083	1720	1158
1242	1247	1272	1286:1274:512	200	279	283
659	1030	1250	1254	1258	1287	1296:1161:325	45	1	8	454	112	216
595	921	982	1267	1282:882:304	187	200	33	158
547	934	981	1241	1246	1271	1280	1286:776:183	8	145	129	204	95	4	8
980	1121	1271	1292	1296:386:150	91	50	16	79
34	933	1250	1269	1292:210:141	8	45	8	8
457	1127	1246	1251	1272	1296:631:8	91	100	137	229	66
677	1267	1282	1287	1296:498:212	33	104	62	87
5	1144	1242	1243	1258	1271	1282:2356:233	187	658	608	554	12	104
775	920	982	1250	1267:882:512	125	129	83	33
884	932	974	1245	1286	1296	1302:1802:779	25	29	8	54	166	741
877	918	1127	1250	1253	1282	1286	1296:2538:916	79	154	41	516	8	654	170
1	785	920	1020	1150	1250	1286	1292:10667:1995	1591	304	262	162	508	908	4937
5	557	1019	1271:470:204	129	108	29
5	546	1159	1296:215:91	54	37	33
880	920	934	1120	1245:871:604	83	4	179	1
1001:120:120
933	963	1298:41:4	33	4
6	584	1258	1279:1091:75	212	775	29
699	1147	1245	1282:279:233	41	1	4
682	963	1279:415:354	41	20
3	936	1242	1247	1250	1281:1248:383	4	500	291	62	8
37	1000	1267	1271	1278:431:241	158	8	16	8
5	933	1141	1242	1247	1278:1246:283	4	124	570	241	24
5	557	1019:386:195	104	87
932	1241	1246	1251	1257	1267	1272	1292:13197:8	787	1212	1062	1054	2591	1883	4600
716	980	1137	1251	1272	1278:1372:416	208	133	291	312	12
933	1027	1113	1246	1250	1257	1272	1282:1088:12	175	91	62	91	412	108	137
756	934	966	1272	1286	1297:1242:641	4	12	49	420	116
2	973	1282:512:375	129	8
575	932	1242	1243	1252	1257	1280	1297:2701:225	8	754	504	362	620	12	216
817	933	985	1120	1241	1247	1279	1287:3249:999	16	445	329	687	612	95	66
4	1014	1167	1242	1247	1252	1267	1282	1286	1292:10094:887	612	45	949	825	1620	891	25	1220	3020
5	548	932	1114	1242	1247	1278:1246:195	166	37	129	470	245	4
932	979	1272	1282:307:4	87	212	4
5	934	1241	1247	1252	1253	1273	1282	1298:3879:345	16	237	704	616	1025	875	16	45
47	920	1040:286:108	112	66
652	934	1024	1253	1273	1282:727:216	4	104	208	116	79
4	1278	1287	1292	1296	1302:2719:479	12	229	1704	83	212
700	1147	1242	1243	1266	1282	1297:2313:508	104	604	445	16	616	20
5	1242	1247	1271	1296:1006:183	466	258	4	95
1152	1241	1246	1252	1271:685:58	20	62	500	45
6	934	1028	1251	1267	1271	1287:2069:183	4	104	333	1008	33	404
787	932	982	1109	1278:676:470	8	137	45	16
887	980	1108	1292	1302:1777:841	158	120	50	608
981	1242	1247	1250	1270	1278	1286:1264:129	670	250	116	12	37	50
745	981	1125	1241	1247	1251	1286	1296:3709:1104	370	341	550	512	512	29	291
866	1050	1267	1272	1282	1286	1297:1047:537	8	20	66	4	333	79
847	973	1150	1258	1273:3606:675	254	120	1887	670
979	1253	1278:120:108	8	4
823	934	960	1120	1241	1246	1257	1273:5463:1379	29	591	583	120	420	500	1841
2	543	933	982	1252	1267	1296	1302:3354:850	245	37	233	537	266	287	899
888	958	1106	1242	1247	1251	1266	1272	1287	1292:11571:1633	283	270	1345	750	1008	25	358	566	5333
5	933	1099	1245	1251	1266	1292:4615:675	41	54	229	629	29	2958
2	918	934	973	1117:564:349	8	8	133	66
964	1177	1251	1253	1292:1119:33	4	179	566	337
1252	1278	1295:263:254	8	1
847	921	1017	1242	1247	1267	1272:3033:762	295	133	891	337	120	495
657	933	1017	1254	1281:249:154	4	75	12	4
2	513	1032	1170	1241	1246	1251	1258	1267	1291	1296	1302:11435:2666	58	470	58	537	833	1345	1683	237	320	616	2612
1272:87:87
920	1270	1280	1298:62:45	4	1	12
23	918	934	1001	1124	1245	1257	1272:730:29	12	16	225	87	54	112	195
5	935	1252:599:195	4	400
664	955	1253	1258	1267	1278:1198:279	58	516	329	8	8
744	1027	1242	1247	1278:1328:454	83	558	225	8
933	979	1122	1250	1278:252:8	133	75	20	16
830	1004	1120	1253	1285:2161:962	208	225	758	8
1246	1252	1267	1272:2440:79	604	1270	487
5	934	984	1166	1241	1246	1252	1266	1272	1278	1287:10232:1470	25	1179	270	866	1033	1787	258	2245	91	1008
750	1020	1246	1272	1286	1292	1295:6225:683	204	195	716	1170	3208	49
6	564	973	1157	1251	1271	1280:808:125	179	175	45	233	50	1
902	1242	1247	1286:1827:754	541	262	270
3	26	920	1015	1237	1253	1268	1278:1779:387	270	108	137	241	595	33	8
2	1016	1128	1251	1279:1002:395	195	129	229	54
730	934	1020	1279	1286	1292:3639:529	12	241	116	762	1979
2	1016	1120	1252	1257	1273	1282	1301:6601:1245	37	550	1058	204	1462	1875	170
713	1130	1253	1267	1297:424:300	50	4	8	62
2	40	921	982	1250	1272	1282:2280:600	349	279	291	37	554	170
934	1252	1272	1282	1287	1292:6368:24	912	1075	500	420	3437
42	918	1020	1178	1250	1286	1292	1297:5763:537	112	358	74	108	1325	2804	445
2	938	1049	1242	1243	1252	1268	1297:2750:662	4	95	858	591	416	4	120
962	1113	1241	1246	1272	1278	1287	1295:532:25	66	79	12	333	8	1	8
919	934	1242	1247	1257	1267	1272	1299:3283:174	12	620	283	504	1095	570	25
918	979	1177	1241	1247	1251	1271	1282:778:20	66	1	150	237	174	1	129
5	1130	1253	1287	1292	1297:3185:491	187	1058	204	1104	141
5	1014	1144	1242	1247	1252	1253	1271	1282	1286	1292:10286:762	387	395	1408	633	1041	29	4	24	845	4758
4	935	1039	1241	1245	1267	1282	1286	1292	1297	1302:6134:550	1	133	87	174	8	12	987	2466	8	1708
1013	1113	1295:232:195	25	12
2	919	933	1241	1246	1252	1257	1267	1282	1292	1301:11102:2195	212	24	125	733	1645	962	162	49	4908	87
933	1127	1243	1250	1267	1282	1296:456:4	50	16	87	229	8	62
920	1157	1266	1278:161:100	49	4	8
645	1242	1247	1250	1282:1535:262	520	304	183	266
5	934	1027	1252	1280:537:166	4	112	254	1
696	918	1250	1253	1273	1278	1298:2135:616	54	16	954	375	62	58
918	1108	1246	1251	1267	1282	1302:1022:12	12	112	137	16	4	729
5	1020	1241	1246	1251	1286	1292:11692:1379	845	745	1066	1016	1941	4700
621	934	1009	1136	1245	1250	1258	1273	1286	1296	1302:11926:137	4	733	629	754	300	3325	1462	1129	1699	1754
920	989	1127	1250	1279	1296:514:66	200	74	58	25	91
2	920	982	1242	1247	1257	1271	1295:3271:887	233	49	712	587	758	16	29
49	1000	1172	1267	1271	1282:373:154	116	8	62	25	8
5	1016	1252	1279:607:166	154	254	33
1	802	920	933	1170	1258	1287	1292	1296	1302:10474:1795	1683	208	33	99	1529	125	3566	295	1141
533	972	1113	1253	1258	1273	1286	1295:4485:312	325	304	995	708	1129	625	87
6	509	918	1272	1279:514:137	41	37	279	20
4	1167	1241	1247	1252	1253	1267	1278	1287	1292	1298:9103:725	16	637	612	1791	1179	1295	62	229	2549	8
2	920	1177	1245	1252	1272:1573:579	91	8	45	475	375
560	918	932	1026	1127	1242	1247	1258	1267	1282	1286	1296:12774:399	204	29	187	525	1687	2116	3133	1783	987	708	1016
5	65	918	932	1014	1144	1245	1252	1271	1282	1286	1292	1302:9494:820	270	70	29	625	208	133	883	4	33	999	5366	54
899	932	1273	1282	1295:973:508	4	400	20	41
5	449	1013	1270	1279:391:183	20	162	1	25
41	1000	1165	1258:644:233	162	29	220
8	24	921	1000	1247	1252	1267	1295:3035:104	125	237	479	262	704	1058	66
865	973	1156	1253	1279	1295:1580:841	95	79	466	54	45
918	1153	1250:66:29	12	25
6	932	1017	1127	1241	1246	1251	1267	1272	1282	1296:1415:145	4	154	166	91	241	195	12	237	33	137
729	932	978	1242	1247	1257	1272:2555:483	12	133	687	366	333	541
1	793	1163	1245	1250	1253	1282	1291	1296	1302:10202:1462	2112	216	112	395	1887	1691	16	462	1849
841	1241	1246	1251	1257	1272	1279	1297:2677:845	54	208	254	450	558	79	229
3	934	1252:678:258	4	416
640	1048	1242	1247	1251	1266	1282	1286	1292	1295:12671:1025	125	2062	1845	1212	862	712	800	3683	345
8	18	932	1000	1166	1240	1247	1252	1267	1272:1780:4	33	20	200	12	4	304	670	54	479
2	934	1117	1272	1286	1292:5468:1241	12	429	870	287	2629
2	918	934	1120:465:395	41	4	25
3	1128	1245	1252	1280:787:295	83	29	379	1
2	1120	1251	1253	1266	1279	1287	1292:12013:2020	608	1262	2662	137	137	350	4837
5	953	1099	1258	1267	1282:1844:254	87	91	1283	104	25
933	1020	1245	1251	1286	1292	1297:5463:16	458	145	600	1245	2637	362
603	1025	1124	1243	1257	1267	1272:768:141	25	79	87	116	87	233
690	932	1253	1258	1273	1282:1544:354	4	558	458	137	33
3	921	1166	1241	1246:601:316	116	29	120	20
932	1246	1251	1272	1287	1292:5572:37	250	987	891	762	2645
5	935	1016	1167	1241	1246	1257:950:262	4	170	16	95	112	291
1127	1245	1250	1267	1296:307:54	37	62	79	75
5	933	1006	1099	1271:519:183	8	241	33	54
919	935	1242	1243	1253	1278	1292	1296	1302:4209:75	20	850	1070	70	125	916	79	1004
918	935	1127	1250	1296:170:25	1	66	41	37
5	553	1173	1241	1246	1257	1272:1800:262	216	8	320	70	458	466
92	934	981	1157	1251	1253	1266	1286:1740:62	16	362	212	175	858	1	54
1037	1253	1297:657:91	508	58
2	522	982	1245	1252	1278:1468:666	75	212	8	487	20
932	988	1245	1252	1253	1282	1286	1292:11933:45	1695	575	2158	383	87	2245	4745
829	1127	1241	1246	1251	1279	1287	1296:2208:1016	145	95	108	341	33	333	137
554	1001	1241	1246	1266	1269	1282	1296:701:191	208	75	108	4	12	8	95
54	933	981	1177	1241	1247	1252	1257	1267	1271	1286:10828:795	16	1250	45	1016	1587	1908	679	2820	283	429
2	932	1014	1252	1272	1286	1292:11180:1937	20	704	1316	400	1433	5370
5	529	1044	1170	1246	1250	1257	1267	1279	1287	1296	1302:9412:1433	104	4	166	691	829	462	404	166	1541	833	2779
3	63	919	934	1245	1252	1272	1273	1282:3751:745	83	187	4	54	937	587	1125	29
5	918	1163	1240	1246	1252	1253	1266	1282	1296	1302:11063:1216	395	270	499	1404	1566	745	74	779	1749	2366
4	980	1241	1246	1251	1271:1548:720	262	79	154	325	8
917	934	1242	1243	1252	1253	1267	1271	1286	1292	1293	1302:10262:8	20	1129	1512	1491	1854	395	175	258	1937	204	1279
4	1014	1117	1250	1258	1266	1272	1286	1292:12088:1837	979	187	575	1237	70	550	1566	5087
2	958	1100	1242	1247	1252	1267	1287	1292:11076:925	12	41	2037	783	1495	2179	450	3154
919	1157	1252	1271	1278:385:70	33	241	37	4
5	932	1272	1286:578:179	8	154	237
5	934	1128	1241	1247	1252	1272	1282:1817:312	4	95	83	270	404	400	249
1005	1245	1273	1282:274:137	58	75	4
732	933	981	1242	1247	1251	1272	1286	1295	1298:3545:820	20	358	858	341	300	595	91	33	129
1005	1271	1281:187:154	29	4
903	1241	1247	1251	1253	1297:5127:1979	79	791	633	1241	404
1157	1245	1251	1271	1279:149:4	45	83	1	16
631	919	997	1136	1241	1246	1272	1287	1296	1302:4383:500	170	458	483	41	245	733	258	462	1033
551	1026	1177	1251	1267:748:158	116	8	162	304
2	100:395:366	29
3	121	1060	1242	1247	1252	1257	1291	1297:10345:1575	37	495	2304	1520	2841	462	1091	20
6	1128	1243	1251	1257	1267:4107:312	279	704	550	979	1283
2	934	982	1159	1242	1247	1250	1253	1267	1296:12291:2108	41	433	941	2637	1245	508	604	3604	170
11	879	980	1242	1247	1251	1285	1292	1297:10599:141	2933	558	2120	1391	795	441	2162	58
964	1119	1286	1292	1296:531:33	137	8	316	37
662	1044	1136	1250	1282	1287	1296	1302:2651:558	79	216	108	12	545	308	825
1279:16:16
689	1241	1246	1272	1297:900:287	233	129	250	1
1044	1136	1250	1279	1287	1296	1302:1742:199	79	100	41	370	262	691
5	932	1128	1245	1250	1282:1097:266	25	170	16	162	458
5	1130	1279	1287	1291	1297:447:183	120	62	12	12	58
9	590	1044	1176	1242	1247	1253	1267	1268	1287	1296:10039:112	654	20	37	1566	1149	2558	1545	945	1295	158
932	1136	1267	1287	1292	1296	1302:3644:24	350	29	262	2075	175	729
918	1027	1127	1252	1296:694:29	108	108	354	95
620	933	1044	1253	1266	1287:1490:300	4	29	758	8	391
759	920	936	957	1127	1253	1287	1296:2889:1100	191	1	291	337	570	266	133
735	932	980	1245	1250	1258	1272	1292:3304:562	20	258	16	120	1733	508	87
962	1246	1252	1279	1287:960:41	75	662	74	108
1	792	978	1136	1279	1296	1302:4686:1250	1300	379	366	125	537	729
5	1032	1242	1247	1252	1257	1266	1272	1282	1291	1296:12507:1258	320	2191	1383	2316	1987	8	954	504	795	791
5	919	935	1242	1243	1250	1272	1282	1296:4654:495	283	16	912	1216	275	687	533	237
1127	1246	1252	1257	1267	1292	1296:5092:87	12	1349	333	420	2587	304
920	934	1127	1250	1267	1268	1282	1296:480:137	8	79	129	33	20	37	37
5	932	1163	1251	1273	1296	1302:4404:670	20	87	529	1274	537	1287
2	932	982	1133	1242	1247	1278:2280:641	4	262	233	720	383	37
524	921	964	1150	1253	1267	1268	1279	1292:3393:108	325	62	212	1062	754	79	141	650
824	980	1158	1241	1246	1258	1273	1282	1292:4083:1041	304	237	349	233	637	399	529	354
932	1157	1246	1251	1272	1281	1287:1064:20	66	75	212	400	8	283
1	822	932	1271	1278:847:320	495	8	4	20
1159	1242	1247	1270	1279	1296:601:12	358	170	12	29	20
2	935	1251	1296:793:520	4	124	145
720	932	1044	1242	1247	1251	1253	1287	1296	1302:13114:1616	25	333	2662	1637	1133	679	1150	1150	2729
3	918	1243	1252	1253:1806:533	54	229	470	520
3	32	1138	1241	1245:418:245	20	87	16	50
867	919	932	1120	1245	1272:1002:529	112	4	70	8	279
812	1120	1253	1282	1286:2423:1008	158	741	12	504
918	981	1112	1241	1246	1251	1253	1286:2396:41	458	149	174	33	383	954	204
5	1130	1241	1247	1252	1258	1267	1297:2292:291	137	16	208	345	600	558	137
2	540	1016	1120	1252	1279:1568:520	187	175	179	441	66
10	964	1187	1242	1247	1251	1253	1273	1286	1292:10599:291	83	70	2145	1104	1258	1391	1958	354	1945
613	1000	1279:233:133	75	25
1272	1297:108:79	29
4	920	935	1108	1241	1246	1257	1272	1287	1291	1302:12489:1866	995	20	1049	141	458	1579	1779	699	1437	2466
5	918	933	1280:137:112	20	1	4
670	932	1038	1120	1246	1250	1280:448:241	4	33	75	54	33	8
482	1241	1246	1251	1272	1280:618:25	16	45	125	391	16
593	982	1168	1242	1247	1257	1267	1272	1282:3296:291	329	49	975	341	583	233	487	8
912	934	947	1251	1253	1297:3747:1591	20	33	529	1129	445
820	1127	1242	1247	1257	1267	1272	1282	1296	1299:5555:1462	412	1179	629	429	337	454	408	229	16
3	1245	1251	1253:1281:512	33	145	591
6	731	982	1127	1242	1243	1250	1257	1267	1272	1296:10524:791	1349	816	291	2204	1679	733	1025	312	879	445
932	1121	1242	1243	1252	1267	1296:2650:20	99	683	166	637	891	154
2	932	982	1251	1279:735:395	8	154	120	58
1017	1121	1246	1252	1272	1296:1022:204	75	49	412	187	95
1044	1127	1245	1251	1279	1287	1296:799:1	83	4	262	37	300	112
3	1097	1246	1251	1253	1268	1278:981:408	20	162	225	150	8	8
679	1012	1128:390:174	154	62
4	933	1014	1194	1251	1266	1279	1286	1292	1297:12754:1462	12	2029	1	1649	162	174	2524	4462	279
619	935	982	1148	1258:1032:275	4	170	104	479
2	521	982	1242	1247	1267:3984:695	179	320	1024	362	1404
875	918	1009	1108	1245	1250	1273	1286	1297	1302:3302:1083	58	383	66	1	187	341	33	25	1125
5	934	1037	1250	1253:1056:279	4	41	74	658
5	1246	1252	1253	1267	1286:2401:291	83	587	754	16	670
5	994	1241	1246	1272	1296:1131:158	262	145	166	300	100
2	72	932	982	1107	1242	1247	1252	1257	1269	1282	1298:11335:2425	562	45	1295	1033	1679	1374	1279	33	16	1399	195
921	1026	1127	1282	1296:469:170	158	75	16	50
797	980	1111	1292:907:616	154	129	8
665	1042	1250	1271:382:170	108	75	29
576	934	1018	1128	1241	1246	1257	1267	1272	1282:3305:208	33	179	220	674	383	350	779	475	4
5	84	1252	1269:623:166	29	420	8
7	38	1027	1242	1247	1251	1257	1267	1281	1291	1296	1302:10279:633	1145	700	1608	1258	954	1324	208	4	191	925	1329
59	1026	1251	1272:981:216	166	212	387
1004	1253:516:166	350
4	1020	1245	1250	1272	1286	1292:10784:1670	337	487	741	954	1308	5287
1027	1252	1282	1297:453:129	179	112	33
920	934	979	1144	1251	1267	1272:826:137	8	129	112	145	33	262
714	933	1292:524:333	8	183
5	932	1241	1246	1272	1286:1960:412	12	466	233	504	333
5	919	1156	1241	1247	1252	1267	1286	1295	1302:5807:570	304	137	837	766	1041	379	1516	137	120
1017	1124	1251	1281:293:120	41	120	12
921	964	1127	1246	1252	1292	1296:2804:466	195	433	170	770	550	220
123	933	1292:113:1	4	108
935	1127	1246	1250	1272	1280	1296:498:4	83	54	66	233	4	54
5	933	1253	1258	1295	1302:2935:370	25	720	1704	8	108
710	967	1245	1267	1282	1296:1580:416	12	87	737	204	124
828	973	1104	1257	1272	1278:1590:666	254	141	108	420	1
2	921	1048	1242	1247	1257	1266	1272	1286	1292	1302:10050:1370	458	204	1241	1016	550	70	916	275	3900	50
511	920	981	1241	1246	1251	1272	1286	1298:1406:79	150	200	33	141	200	466	75	62
5	528	933	1242	1247	1251	1268	1279	1286	1292:11979:1025	1429	583	2225	2220	1141	41	837	741	1737
918	1004	1253:915:54	195	666
590	1124	1251	1253	1258	1267	1287:2610:379	225	170	350	600	441	445
921	1246	1251	1272	1292:1293:258	120	154	466	295
6	758	1240	1295:525:100	420	1	4
907	932	1026	1171	1241	1246	1252	1280:1686:979	12	41	8	162	108	375	1
616	932	1124	1253	1269:820:308	8	174	329	1
934	981	1246	1251	1253	1297:1284:8	241	116	241	595	83
981	1252	1253	1267	1279	1286	1298:1455:91	333	754	58	62	45	112
859	998	1127	1252	1253	1296:2873:1120	354	304	587	208	300
4	1241	1247	1252	1267	1272	1287	1292	1298:10658:983	562	1037	1995	358	370	358	4787	208
5	564	920	935	1106	1242	1247	1257	1272:3520:458	325	279	1	291	754	350	483	579
1066	1247	1252	1268	1282	1297:952:4	179	320	187	175	87
974	1241	1246	1250	1267	1271	1286:431:66	79	54	120	58	4	50
2	933	973	1242	1243	1295:2189:745	12	87	516	800	29
921	1016	1241	1246:540:112	158	204	66
2	39	918	1242	1243	1252	1266	1271	1286	1296	1302:12280:2258	262	33	2329	779	1637	4	33	2741	454	1750
2	917	934	1120	1267	1280:493:241	24	4	108	108	8
5	490	1251	1279	1297:358:150	8	195	4	1
2	938	1246	1252	1273	1297:1635:662	8	83	437	354	91
3	26	932	1116	1258	1273	1279:931:241	145	8	54	304	150	29
723	933	1020	1253	1268	1278	1286	1292	1296	1302:6636:550	16	174	1262	20	12	974	2641	404	583
2	1032	1186	1242	1243	1252	1257	1271	1279	1291	1297:11802:2091	629	333	2554	1949	2108	616	70	120	837	495
1	804	1020	1242	1247	1253	1258	1282	1286	1292	1295:10241:1266	949	300	962	733	604	733	200	1170	3233	91
932	1044	1245	1252	1287:655:8	33	45	345	224
6	1027	1111	1241	1246	1251	1267	1282:3018:329	300	45	62	300	416	1504	62
1296:83:83
1044	1136	1250	1272	1280	1287	1296	1302:2537:91	270	83	541	8	508	316	720
794	921	980	1106:1564:866	270	291	137
1124	1241	1245	1257	1266	1272	1282:673:70	4	58	208	1	320	12
4	921	1017	1163	1246	1252	1296	1302:5867:529	616	783	125	70	1616	537	1591
4	938	1027	1241	1246	1251	1267	1272	1282	1291	1293	1302:12775:1104	100	900	1354	820	1212	1887	1783	29	433	687	2466
988	1242	1247	1278	1286	1292:5636:404	1016	675	16	1000	2525
982	1120	1251	1267	1281:586:187	91	162	145	1
920	1027	1246	1251	1258	1267	1282:1663:204	245	141	283	466	41	283
2	932	1120	1279	1286:999:558	1	125	45	270
64	918	1166	1251	1253	1279:697:41	37	20	237	325	37
1044	1136	1253	1279	1287	1296	1302:4026:124	329	1179	104	666	383	1241
4	959	1144	1243	1251	1258	1267	1279	1292	1302:11491:1495	1079	391	974	904	1058	454	87	5033	16
711	920	933	1008	1130	1253	1268	1297:1981:562	204	4	175	187	725	37	87
828	934	1267	1279	1287:937:475	4	179	54	225
2	918	982	1266:578:383	50	141	4
3	25	936	1097	1253	1267:1715:333	166	1	420	600	195
752	1242	1247	1267	1281	1296:1510:637	425	229	120	16	83
572	921	933	1103:207:79	120	4	4
932	991	1246	1251	1269	1279	1295:380:12	149	20	137	1	37	24
904	933	1016:503:408	4	91
2	506	1269	1278:221:212	4	1	4
778	1025	1243	1267	1272:981:508	20	150	37	266
77	936	1016	1280	1295:196:50	4	137	4	1
5	1046	1154	1242	1247	1251	1267	1291	1296	1302:11309:1408	374	254	2875	1450	1008	166	483	529	2762
737	936	1241	1246:564:349	4	166	45
898	921	1114	1241	1247	1272	1287:5813:1562	516	366	850	812	795	912
866	1267	1271	1286	1297:1064:591	8	37	308	120
981	1251	1281	1286	1298:277:116	112	8	25	16
883	918	1147	1242	1247	1250	1268	1282:2434:1016	54	150	691	375	79	49	20
2	520	973	1278	1302:614:445	129	8	12	20
10	81	934	991	1136	1241	1246	1251	1267	1278	1291	1296	1302:11798:141	1374	20	1129	1250	66	416	837	2591	8	204	1333	2429
10	919	988	1241	1246	1251	1267	1272	1286	1292:10615:33	170	566	416	608	1191	237	995	1170	5229
1	843	933	1014	1160	1242	1247	1267	1286	1292	1297	1302:10086:1916	991	12	383	50	1025	933	204	1183	3166	49	174
3	921	1241	1246	1251	1273	1282:1581:412	250	33	187	387	283	29
2	999	1128	1251:1477:591	325	216	345
2	920	1017	1252	1271:1402:437	129	87	737	12
3	1042	1245	1252	1267	1280:3059:770	183	116	616	1370	4
981	1099	1242	1247	1251	1257	1286:2592:558	37	787	283	295	541	91
885	992	1245	1267	1282	1287	1297:3784:1204	337	91	1508	8	241	395
889	920	934	1170	1253	1266	1278	1287	1292	1296	1302:13816:3016	508	29	345	741	258	95	1250	3650	1175	2749
760	921	932	1241	1246	1286:627:375	175	4	16	41	16
932	1241	1246:187:4	75	108
796	973	1101	1241	1246	1267:1351:666	137	108	183	112	145
5	1241	1245:244:158	66	20
28	934	979	1245	1251	1271	1296:510:175	4	104	4	112	16	95
709	1027	1159	1245	1250	1257	1272	1296:1583:483	70	58	49	45	304	387	187
703	921	934	1026	1252	1286	1295:1291:525	208	1	58	387	25	87
637	1159	1266	1270	1279	1287	1296:464:208	12	12	12	4	191	25
921	935	986	1127	1245	1280	1296:577:145	1	195	95	50	4	87
2	932	1128	1252	1258	1267	1273	1280:7096:1495	16	291	775	2912	4	1579	24
2	542	920	936	1252	1282	1297:3011:758	312	325	1	495	891	229
920	933	1167	1246	1251	1258	1273	1282:2222:195	4	70	91	300	625	683	254
981	1241	1246	1251	1280	1296:409:166	20	62	95	4	62
988	1241	1246	1252	1257	1272	1286	1292:11126:612	187	608	1404	683	987	1429	5216
2	534	937	1032	1242	1247	1252	1266	1273	1291	1295	1298:11452:2241	287	8	287	2095	1141	3233	124	1258	587	108	83
910	919	933	1007	1128	1251	1253	1287:5185:1950	270	33	412	675	408	1433	4
1	796	933	1020	1242	1247	1250	1267	1286	1292	1302:9783:1737	875	4	191	779	700	395	99	1125	3841	37
3	1164	1251	1258	1278:802:312	16	154	308	12
3	1242	1247	1267	1273:2248:475	670	404	41	658
1017	1136	1241	1243	1252	1267	1282	1296	1302:3892:404	441	41	962	775	12	12	441	804
1134	1242	1247	1258:2248:145	454	316	1333
920	1246	1252	1281:394:87	79	224	4
933	1136	1253	1273	1286	1296	1302:3593:24	216	1062	754	575	229	733
921	988	1120	1242	1247	1250	1272	1286	1292:11103:391	729	458	1766	795	262	737	941	5024
2	563	932	990	1128	1246	1252	1253	1279:5207:1395	170	20	516	500	66	895	1508	137
3	920	1147	1242	1247	1282:1418:345	133	66	558	300	16
981	1122	1242	1247	1266	1286	1295:1147:270	137	454	187	12	75	12
5	487	933	973	1251	1280:457:195	4	8	66	183	1
4	934	1027	1251	1272	1282	1293	1302:4121:812	12	283	566	633	366	104	1345
2	935	1128	1246	1252	1270	1280:1406:620	1	116	225	420	8	16
2	132	1242	1247	1257	1267	1272:3257:666	1	833	375	470	358	554
671	919	1282	1296:611:270	75	191	75
5	526	1131	1241	1245	1279:593:141	129	116	129	45	33
5	933	984	1279	1287	1296	1302:1847:341	12	220	116	200	204	754
937	980	1292	1295:220:4	91	100	25
1	826	932	1163	1241	1246	1250	1257	1258	1266	1272	1296	1302:9490:1570	829	4	104	1016	391	579	775	2029	16	420	541	1216
6	769	1027	1251	1273	1296	1302:4692:20	1016	270	483	900	629	1374
1044	1156	1245	1253	1282	1287	1295:759:116	58	4	220	37	304	20
1127	1250	1280	1285	1296:198:45	75	8	8	62
2	43	1014	1167	1242	1243	1252	1257	1267	1282	1286	1292:9175:1062	250	412	79	904	858	1533	345	83	200	770	2679
1127	1241	1246	1252	1257	1272	1280	1286	1292	1296:10895:195	525	845	2041	1137	354	37	1108	3816	837
2	538	933	973	1162	1271:744:458	187	8	75	12	4
697	1001	1242	1246	1252	1257:2555:495	262	495	350	370	583
4	933	1245	1252	1253	1266	1272	1273	1287	1292	1293	1302:11290:691	33	66	1262	408	29	883	512	537	5012	187	1670
4	27	921	933	1014	1111	1242	1243	1267	1272	1279	1286	1292	1302:9594:1054	729	429	20	395	120	974	1245	183	187	33	974	3250	1
746	1242	1246	1279	1286	1295	1298:1730:633	325	195	45	475	12	45
1	779	933	1170	1241	1247	1251	1296	1302:12977:2654	3004	37	350	2075	1350	866	512	2129
932	981	1156	1241	1247	1252	1267	1278	1286	1295:2270:12	345	137	491	500	458	112	33	158	24
2	920	933	1017	1242	1243	1252	1267	1297:5005:1004	295	1	466	1195	779	854	195	216
5	503	934	988	1130	1250	1253	1286	1292	1297:10851:700	183	4	629	487	358	2016	1129	5137	208
1001	1124	1253:686:220	37	429
1004	1245	1280	1297:370:233	25	4	108
672	917	933	993	1128	1253	1279:638:291	20	4	170	104	20	29
816	1003	1250	1297:782:458	183	66	75
1157	1252	1286:407:16	154	237
1	821	984	1123	1287:2122:687	808	220	166	241
6	592	932	1279	1297:423:62	229	12	45	75
5	932	1106	1278:219:141	12	54	12
5	1126	1242	1247:1132:225	129	537	241
498	934	997	1127	1245	1251	1267	1282	1287	1296:3700:33	20	491	320	179	458	1508	279	200	212
2	973	1245:409:350	58	1
608	1031	1128	1266	1272	1282:513:141	4	83	16	245	24
1	788	921	933	1163	1250	1296	1302:5125:1445	1066	466	4	137	262	450	1295
4	1144	1242	1252	1267	1272	1279	1285:4312:554	220	937	995	1091	366	87	62
2	936	1120	1245	1251:690:425	4	41	25	195
661	1037	1118	1245	1267	1282	1297:581:308	62	54	25	33	33	66
580	935	1271	1297:374:179	8	4	183
606	919	936	1241	1246	1257	1282	1295:1125:200	116	4	345	220	166	20	54
833	919	981	1271	1286:878:645	87	141	1	4
920	1028	1113	1242	1247	1267	1287	1295	1302:3126:220	266	83	904	612	379	525	75	62
2	933	1037	1120	1251	1253:1027:516	4	25	95	137	250
5	528	1242	1247	1267	1273:2810:308	66	920	429	650	437
1040	1241	1246	1271:323:33	212	70	8
2	932	1009	1120	1242	1247	1258	1266	1271	1286:10894:2345	79	1274	924	2141	1366	1550	233	237	745
589	932	1170	1242	1247	1267	1296	1302:3519:504	29	25	1050	541	54	225	1091
2	919	980	1166	1252	1282	1292:5331:1050	162	683	95	1625	1029	687
5	921	1014	1242	1247	1252	1267	1286	1292:10492:654	370	879	1274	966	754	500	816	4279
935	1020	1127	1240	1245	1252	1266	1272	1281	1286	1292	1296:11638:1	650	304	45	987	1795	116	308	29	1945	4854	604
848	1044	1146	1245	1267	1282	1287	1296:2064:595	29	150	100	654	8	358	170
5	1159	1258:437:200	29	208
895	1045	1170	1292	1296	1302:2610:691	4	16	775	258	866
1	809	1135	1242	1247	1267	1272	1295:5214:1254	1245	379	1029	487	154	604	62
6	581	932	1013	1251	1272	1273	1279	1293	1302:2938:158	183	4	341	400	258	354	125	49	1066
932	991	1136	1251	1296	1302:1510:24	225	258	275	170	558
5	921	934	1037	1242	1247	1282	1287	1296:2465:400	300	4	129	725	487	250	12	158
5	567	919	1242	1246	1271	1278	1295:1297:237	187	133	520	150	25	37	8
873	999	1296	1302:1057:670	129	79	179
921	934	1011	1250	1282	1295:618:175	4	216	91	116	16
5	919	1278:266:179	83	4
601	1016	1252	1257	1297:911:158	200	279	133	141
5	1017	1242	1243	1252	1267:3522:483	583	891	754	766	45
850	934	999	1120	1245	1272:1060:566	4	149	137	4	200
702	920	933	976	1128	1241	1246	1257	1272	1278:4128:516	237	20	408	395	775	470	633	654	20
932	1242	1247	1251	1272	1282	1287:3319:16	804	600	325	512	433	629
654	933	1032	1149	1242	1247	1250	1267	1279:3547:508	29	220	245	1212	704	4	475	150
88	1027	1128	1251:399:25	124	75	175
6	776	920	1010	1252	1253	1286	1292:10604:633	1216	283	408	1095	1154	1070	4745
845	981	1155	1245	1251	1272	1286:1518:662	175	45	12	291	329	4
1245:37:37
5	1108	1241	1247	1251	1302:2339:350	170	395	320	275	829
1	857	969	1099	1241	1246	1250	1253	1258	1291:9803:1670	2437	308	249	850	529	316	1195	1387	862
80	936	981	1242	1247	1251	1269	1286	1298:1183:29	4	141	541	262	120	8	58	20
5	933	953	1271	1278:169:120	8	29	8	4
5	1037	1252	1269:573:174	12	379	8
5	537	1267	1273:840:208	158	29	445
4	1241	1246	1252	1253	1258	1282	1287	1292:11180:650	70	454	1279	545	3533	470	379	3800
1000	1165	1242	1246	1267	1272	1273:1755:241	50	504	112	370	208	270
4	1048	1108	1241	1246	1253	1286	1292	1297	1302:11745:1316	529	29	1187	349	612	408	4141	8	3166
5	520	933	1242	1247	1269	1273	1278:1484:258	162	4	500	308	20	220	12
2	1037	1251	1270	1279	1296	1302:1326:541	112	233	4	62	137	237
632	934	988	1241	1246	1267	1271	1286	1292	1296:14221:641	216	1833	2183	695	1325	95	2375	3675	1183
754	1242	1247	1258	1271	1280	1296:2431:641	658	250	508	58	8	308
65	1166	1254	1278:41:4	29	4	4
635	1136	1246	1272	1292	1296	1302:4126:266	204	116	720	1225	591	1004
935	1028	1252	1287:757:4	145	358	250
1	772	1037	1245	1251	1253	1266	1287:10738:3087	2079	191	350	1345	3041	16	629
5	935	1017	1242	1247	1267	1272	1296:2085:233	4	262	604	291	54	512	125
5	1100	1241	1246	1250	1257	1272	1273:4755:395	425	416	250	491	854	941	983
1	783	919	1020	1123	1251	1253	1267	1286	1292	1295:9273:1545	925	233	170	170	716	266	141	1154	3883	70
643	920	984	1241	1246	1287	1296:1413:466	183	275	79	70	195	145
5	937	1017	1177	1246	1252	1271	1282:1139:254	4	250	4	116	479	12	20
921	981	1157	1241	1247	1251	1267	1282	1286:1396:250	220	137	170	258	104	58	129	70
2	973	1126	1258:1603:679	79	245	600
972	1241	1246	1286	1297:648:29	262	66	258	33
5	1270	1273	1295:570:137	4	425	4
2	920	933	991	1245	1251	1296	1302:1858:716	137	8	245	87	345	87	233
5	1186	1252	1267	1270	1280:278:120	4	129	1	20	4
878	1269	1296:753:683	4	66
862	920	1012	1120	1242	1247:3335:1058	358	283	274	829	533
7	544	919	932	1253:962:83	150	70	1	658
934	1250	1286:194:8	45	141
934	1166	1241	1246	1252	1253:2360:8	62	562	212	587	929
979	1113	1251	1253	1267	1280	1302:1689:287	183	200	712	233	12	62
6	663	932	1177	1241	1246	1251	1267	1272	1282	1287	1292	1301:12148:1650	1483	20	70	445	633	1508	295	1175	145	1600	3074	50
5	1252	1272	1273	1293	1302:2644:258	450	408	862	16	650
2	982	1166	1251	1267	1272:1543:495	287	37	279	100	345
3	1246	1252	1272	1282	1285	1296	1302:4909:850	350	1624	362	262	25	295	1141
3	1245	1250	1286:328:316	4	4	4
837	1033	1241	1246	1272	1282	1287	1296	1302:4221:983	154	170	329	950	362	370	387	516
988	1241	1247	1251	1266	1272	1279	1286	1292:11526:733	1125	962	1158	141	575	158	1420	5254
3	1017	1245	1251	1282:764:291	162	29	241	41
1113	1241	1246	1295:370:58	225	75	12
497	920	937	1041	1152	1242	1247	1271:754:16	91	4	50	41	399	137	16
674	934	1102	1246	1253	1267	1273	1287	1296	1302:11363:1204	16	87	587	2954	2233	1079	1533	612	1058
570	933	984	1241	1247	1252	1267	1272	1287:3039:300	24	429	758	500	400	95	100	433
598	981	1253	1278	1286:1428:445	287	650	1	45
2	917	934	973	1100	1252	1253	1268:2905:1020	16	8	379	4	387	1079	12
932	972	1136	1278	1286	1296	1302:1140:37	75	150	8	354	125	391
5	89	991	1163	1242	1247	1252	1267	1291	1296	1302:10485:1170	391	1095	312	1870	1008	1745	241	366	437	1850
5	502	919	985	1099	1241	1246	1253	1267	1272	1287:12446:1270	175	729	1349	608	1158	500	1979	2995	1150	533
1005	1127	1241	1246	1251	1257	1267	1282	1296:3531:458	308	654	591	412	425	350	150	183
728	932	1020	1179	1242	1247	1251	1271	1280	1286	1292:11353:862	20	345	8	1416	1016	1475	4	25	1141	5041
741	933	1133	1257	1271:552:258	8	58	220	8
519	1167	1251:207:62	8	137
1	815	1242	1247:2349:670	750	554	375
2	31	982	1152	1252:4426:916	683	770	262	1795
2	932	1017	1120	1252	1280:1448:525	8	204	141	554	16
908	918	1005	1167	1242	1247	1252	1267	1298:12103:2666	333	945	508	1941	1308	1920	1916	566
1	834	917	933	1170	1245	1287	1292	1296	1302:13366:2083	2545	62	29	37	600	1324	4437	450	1799
738	932	980	1159	1242	1247	1267	1292	1296:5828:991	16	366	120	1137	579	1666	674	279
1	777	1020	1104	1251	1253	1280	1286	1292:10441:1866	1004	204	45	941	1366	8	991	4016
757	1166	1241	1246	1251	1257	1267	1272:2539:654	87	179	45	379	558	108	529
932	1016	1136	1247	1252	1296	1302:2648:8	254	225	391	700	241	829
6	562	1020	1119	1241	1246	1253	1286	1292	1296:9921:416	391	370	258	404	204	1391	1054	5229	204
5	933	1020	1241	1246	1251	1257	1271	1273	1286	1292:10103:1075	8	295	408	408	791	787	108	687	1299	4237
1136	1252	1296	1302:882:137	254	108	383
617	934	1004	1253	1296:1199:225	4	175	579	216
1	806	988	1242	1247	1286	1292:11360:2233	1437	575	1537	695	1225	3658
112	937	981	1166	1272:853:29	4	300	20	500
2	932	1251	1253	1282	1287:3740:1020	4	550	1429	37	700
2	932	1120	1252:932:395	8	50	479
2	933	1250	1278:460:408	16	20	16
935	1245	1252	1279	1295:572:4	95	370	41	62
964	1144	1242	1247	1251	1286	1292:2747:20	350	841	554	329	66	587
964	1177	1250	1271	1292:315:54	4	87	37	133
3	918	1246	1252	1302:3173:700	62	266	837	1308
881	932	980	1242	1247	1257	1272	1292	1302:5068:1150	20	325	1033	754	741	600	337	108
920	1241	1246	1258	1272	1279:1227:104	283	116	404	291	29
1136	1251	1270	1278	1296	1302:914:133	158	16	8	154	445
1245	1268	1286	1292	1302:332:8	12	1	266	45
678	937	984	1241	1246	1253	1287	1295:1152:312	4	150	50	62	383	175	16
2	536	973	1242	1247	1250	1257	1271	1273	1278	1291:10532:2558	279	216	2483	1216	566	1949	33	929	29	274
599	920	1127	1250	1253	1296:923:362	191	87	145	1	137
698	918	1035	1245	1271	1278:432:320	16	79	8	1	8
1156	1241	1247	1269:440:45	262	125	8
701	949	1106	1242	1247	1257	1272:4634:604	341	562	991	637	716	783
2	934	980	1246	1251	1272	1273	1278	1285	1292:11717:2500	20	537	404	1195	883	4429	70	50	1629
919	935	1124	1272:227:70	4	58	95
3	35	937	1251:557:333	83	4	137
681	918	934	1037	1246	1253	1267	1282	1287	1295:2245:650	41	4	137	83	1091	74	33	45	87
5	1242	1243	1252	1258	1280	1285:6888:787	1320	491	1137	3037	29	87
748	918	1270	1282	1297:467:375	25	1	12	54
647	1252	1257	1269	1279:607:162	170	233	1	41
905	1251	1267:1091:804	208	79
2	932	1027	1242	1247	1251	1257	1272	1291	1297:12408:2287	29	654	2162	1454	1441	2187	1641	95	458
559	920	981	1153	1241	1247	1250	1272	1286:2837:266	195	237	187	629	400	245	512	166
719	918	934	958	1121	1250	1253	1266	1279	1287	1292	1296:12134:1999	158	20	795	745	1066	1125	137	200	1120	3720	1049
767	921	938	1016	1257	1272	1296:1283:462	170	4	116	220	95	216
742	932	1129	1242	1247	1257	1272	1296:2579:504	12	104	620	337	470	320	212
508	1127	1241	1246	1250	1296:360:75	50	66	95	24	50
49	1016	1245	1251	1273:948:133	325	45	262	183
4	932	984	1108	1242	1247	1282	1287	1302:5308:829	91	337	308	1041	712	362	262	1366
641	917	934	1252	1253	1258	1268:2690:375	29	8	350	837	787	304
840	1023	1127	1241	1246	1251	1296:1679:845	62	137	108	170	141	216
1166	1251	1272:349:4	145	200
1016	1251	1282	1296:353:133	125	45	50
2	932	982	1100	1242	1247	1257	1267	1272:4225:895	24	579	183	862	495	587	25	575
680	920	996	1128	1243	1280:859:295	125	195	70	166	8
5	917	936	1270	1273:370:154	1	8	8	199
1251	1280	1297:166:108	8	50
708	1253	1296:957:437	391	129
675	978	1271	1297:466:275	79	8	104
1	805	1253	1278:1598:625	733	199	41
5	1252	1258	1280:844:179	304	341	20
529	933	1023	1124	1241	1246	1253	1267	1268:1772:137	4	150	183	429	191	637	25	16
667	921	1042	1282:331:212	95	20	4
1005	1099	1241	1247	1272:1151:270	20	295	233	333
1028	1177	1246	1251	1267	1272	1282	1287:5385:229	8	350	370	2433	600	604	791
819	921	973	1250	1253	1282:1713:845	345	229	137	145	12
774	918	1167	1251:814:587	45	12	170
5:141:141
846	918	1241	1246:748:633	37	8	70
890	1020	1120	1250	1273	1282	1286	1292:5822:1104	141	200	33	583	8	1033	2720
588	932	1036	1240	1245	1267	1270	1278:325:158	4	45	1	29	75	12	1
3	934	1044	1252	1267	1287:5164:1133	4	329	1099	1816	783
89	1166	1252	1282	1286	1292:2840:4	58	958	195	100	1525
2	921	1044	1242	1247	1252	1287	1298:10803:2495	470	179	2445	1608	2020	1570	16
1	854	932	983	1241	1246	1267	1282	1286:3530:1191	991	25	383	112	212	150	8	458
648	1242	1247	1282:1010:208	545	141	116
3	933	1016	1251:777:366	4	220	187
814	932	980	1250	1297:961:700	37	212	4	8
1	786	1129	1267	1282	1296:2594:908	808	200	195	254	229
39	932	1022	1152	1267	1271:323:183	4	91	25	16	4
932	1167	1252	1253	1279	1287:1547:16	33	591	583	41	283
79	932	1005	1242	1247	1267	1272:2355:141	8	379	662	391	645	129
838	1245	1267	1272	1273	1282	1287	1292	1296	1302:10939:1724	262	200	229	1879	8	675	4654	525	783
897	918	935	1241	1246	1250	1272	1280:1523:754	25	4	66	208	104	354	8
932	988	1241	1246	1251	1266	1272	1286	1292:11443:20	754	487	1037	1450	79	587	2175	4854
743	1245	1287:774:479	20	275
764	935	982	1242	1247	1267:1485:483	4	195	525	245	33
2	932	1120	1251	1253	1266	1278	1287	1292:13507:2270	112	1966	1349	2566	41	116	254	4833
597	919	1253	1280:808:275	75	450	8
740	1245	1251	1257:669:345	54	200	70
851	1004	1120	1245	1272	1279:1589:612	204	229	87	395	62
8	60	1000	1165	1258	1271:257:8	54	62	25	100	8
2	918	982	1129	1272	1282	1296:2627:904	50	404	204	520	404	141
2	476	982	1245	1251	1282:910:479	25	116	41	237	12
1124	1241	1246	1250	1272	1282:343:62	45	50	41	120	25
874	920	932	1014	1121	1279	1286	1292	1296:6291:1245	400	33	270	187	137	841	2870	308
7	932	1037	1241	1247	1251	1253	1282:2172:87	12	175	354	308	212	1004	20
1241	1246	1251	1257	1272:1769:508	175	220	379	487
5	545	933	1252	1280:743:241	195	8	295	4
523	1017	1246	1252	1297:780:12	220	141	316	91
795	944	1128	1241	1246	1251	1257	1272:4084:1391	20	441	75	50	541	787	779
2	108	1033	1120	1266	1271	1279:712:429	1	95	66	1	79	41
691	1128	1267	1272:639:366	95	12	166
1	763	933	1014	1120	1242	1247	1250	1253	1258	1267	1282	1286	1292:8952:1133	575	4	383	204	725	433	270	895	541	937	16	691	2145
78	934	1040	1242	1247	1272	1278:909:54	4	95	445	145	158	8
937	1252	1272	1282	1287	1302:6189:12	1300	1112	795	1162	1808
676	1246	1250	1253	1282	1286	1296:2902:575	100	62	875	312	683	295
5	1270:137:133	4
692	1245	1271:336:220	62	54
3	62	936	988	1241	1247	1252	1266	1270	1282	1286	1292	1295	1298:9834:954	116	1	729	800	608	1854	58	8	537	1133	2866	116	54
577	933	964	1241	1246	1251	1267	1286	1292:2704:345	33	12	679	441	187	379	58	570
6	566	932	973	1170	1271	1278	1296	1302:1051:166	66	8	33	29	1	45	108	595
513	935	1267:262:83	4	175
5	1130	1285	1297:324:175	91	33	25
1	798	1130	1253	1273	1287	1292	1297:12929:2533	2266	766	924	2937	1058	1662	783
918	935	1127	1241	1246	1282	1296:661:45	1	100	337	100	66	12
649	1016	1242	1243	1250	1280:1956:416	150	670	600	112	8
6	574	921	982	1157	1267	1282:880:145	229	133	183	37	129	24
766	1245	1269	1280:353:337	4	8	4
917	934	964	1282	1292:260:16	4	41	49	150
5	1017	1242	1247	1250	1267:2019:325	216	716	400	212	150
770	921	1017	1133	1280:791:479	137	83	91	1
5	1027	1123	1246	1267	1282	1295:4086:787	333	495	425	683	1362	1
5	1014	1241	1246	1252	1266	1286	1292	1298:10438:579	633	104	516	2149	108	1037	5300	12
1	818	933	1003	1099	1242	1247:3309:1008	837	4	316	29	695	420
45	918	1000	1161:303:125	12	137	29
585	963	1245	1278	1295	1298:351:229	33	45	12	16	16
4	934	1014	1111	1245	1258	1281	1286	1292	1302:12604:1583	4	762	95	116	3737	1	1858	4399	49
981	1251	1253	1295:1095:254	179	587	75
875	1009	1108	1251	1272	1282	1286	1297	1302:3292:904	262	154	216	520	166	104	41	925
8	53	920	932	1022	1152	1270:293:4	70	62	16	112	25	4
40	1152	1267	1282:527:137	16	354	20
1156	1267	1292	1295:748:29	45	654	20
4	1027	1136	1251	1296	1302:2059:445	370	137	229	237	641
1000	1165	1279:153:95	33	25
2	549	973	1167	1242	1247	1252	1257	1282	1291	1298:10432:2395	608	437	133	1887	783	2120	1300	295	195	279
2	980	1252	1267	1279:2322:895	358	858	87	124
573	920	1128	1271	1282:231:116	62	41	8	4
707	1020	1242	1247	1251	1253	1258	1282	1286	1292	1297:10940:720	429	1345	575	604	341	816	41	1587	4166	316
5	1032	1252	1279	1302:1790:216	250	437	37	850
1166	1267	1272:262:8	29	225
5	1014	1241	1247	1252	1266	1273	1286	1292:9929:795	604	695	520	1300	133	995	587	4300
6	625	981	1130	1246	1251	1286	1297:2676:54	558	454	466	287	520	125	212
1241	1246	1271	1281:91:29	49	12	1
782	917	934	1027	1242	1247	1251	1267	1282:3962:841	12	8	250	1162	566	387	541	195
984	1144	1252	1253	1287:1440:262	200	287	587	104
535	934	1054	1242	1247	1270	1280:848:141	4	1	412	266	16	8
614	921	988	1245	1286	1292	1296:5959:412	516	416	54	1308	2791	462
630	921	934	981	1251	1253	1273	1278	1286:2097:458	229	8	291	158	575	287	12	79
713	920	935	1009	1163	1272	1286	1296	1302:3629:558	354	8	366	170	308	37	499	1329
935	974	1127	1243	1252	1286	1296:995:4	175	150	187	350	29	100
594	921	933	1271	1279:439:237	137	12	16	37
2	971	1128	1250	1253	1287:3406:1054	266	183	279	1070	554
3	33	1134	1242	1247	1267:1619:358	258	66	533	254	150
5	932	1253	1286:1107:254	4	483	366
2	1242	1247	1252	1257	1282	1286	1292	1295:9821:1291	1429	529	1566	362	1029	191	3316	108
932	1127	1252	1253	1267	1282	1287	1292	1296:5229:75	495	1150	320	241	20	125	2683	120
2	525	981	1251	1286	1297:1585:725	166	250	216	41	187
462	917	933	1241	1246	1251	1266	1272	1287	1292	1297:11268:312	1	25	1170	845	1462	137	1637	850	4625	204
964	1252	1253	1258	1278	1286	1292:5264:154	1333	25	2462	49	104	1137
5	504	917	1020	1242	1247	1252	1253	1266	1286	1292:9161:695	29	45	174	991	850	724	1175	8	929	3541
5	984	1253	1267	1268	1282	1287:2055:312	287	808	87	333	16	212
615	1241	1246	1251	1271	1282	1297:780:270	29	108	170	4	129	70
2	932	1120	1253:452:399	8	25	20
982	1157	1245	1258	1267	1271	1282:929:179	41	1	308	300	25	75
2	463	919	936	982	1242	1243	1251	1253	1267	1278	1296:10716:1979	195	391	1	629	1529	1666	1170	2320	112	95	629
813	921	932	980	1278	1296	1302:2859:1066	350	25	212	45	191	970
5	532	933	1117	1242	1243	1266:1491:179	208	4	175	454	470	1
919	933	1016	1254	1267	1282:203:12	4	129	29	25	4
879	932	974	1163	1286	1296	1302:1888:770	16	158	37	116	200	591
2	515	917	1241	1246	1258	1272	1286	1292	1302:11182:2062	37	20	366	358	2995	824	291	4200	29
919	1241	1246	1271	1286:561:79	87	70	25	300
1177	1241	1246	1252	1267	1281	1292:2614:8	50	141	487	162	12	1754
1	800	933	1020	1242	1247	1266	1273	1279	1286	1292	1295	1302:10166:1462	862	4	304	1075	804	54	891	75	1025	3566	20	24
803	919	1126	1269	1278:539:391	70	70	4	4
932	1127	1282	1286	1296:415:4	41	8	287	75
935	991	1127	1252	1269	1282	1296:972:8	183	108	441	8	145	79
808	932	973	1154	1282	1296	1302:2431:1025	37	112	154	12	237	854
3	933	1037	1252:836:420	4	108	304
978	1297:137:87	50
894	921	958	1113	1240	1253	1287	1292	1295	1302:11709:2679	1241	616	1000	8	783	1420	3400	454	108
2	982	1144	1242	1247	1251	1266:3571:920	395	295	879	562	462	58
1113	1245	1272	1279	1287	1292	1302:2293:8	112	554	37	4	1541	37
1016	1241	1247	1251	1279:1206:237	345	300	287	37
765	932	996	1128	1241	1246	1257	1266	1272	1279:1992:454	4	208	229	487	141	224	4	187	54
5	934	980	1241	1246	1279:889:295	29	329	12	166	58
725	964	1144	1251	1271	1292:1272:545	70	154	229	62	212
917	1272	1279:271:1	225	45
646	1242	1247	1279:815:275	304	195	41
5	920	1242	1252	1267:1789:320	95	558	562	254
5	500	934	988	1130	1250	1254	1286	1292	1297:12487:1654	500	20	1408	895	737	312	2120	4591	250
6	981	1153	1241	1247	1251	1272	1273	1286:5675:341	683	295	129	770	604	1004	1595	254
2	934	1245	1296	1302:632:437	1	20	41	133
626	919	933	1028	1251	1258	1267	1279	1287:1930:283	129	4	79	308	466	120	54	487
920	981	1124	1267	1271:362:91	154	62	1	54
556	920	933	984	1242	1243	1252	1253	1266	1287:10036:416	525	12	770	2920	2387	1599	183	162	1062
6	578	1016	1167	1253	1269	1280:416:87	179	100	1	33	4	12
988	1144	1241	1247	1252	1258	1266	1272	1286	1292:11799:695	270	1104	812	720	1962	33	675	1566	3962
550	918	975	1166	1242	1247	1270	1278:1980:266	83	325	54	858	366	12	16
753	1009	1108	1242	1247	1250	1286	1297	1302:4824:920	412	166	1045	612	104	229	70	1266
607	935	981	1242	1247	1267	1286	1298:6646:516	4	854	1716	804	2045	462	245
2	933	986	1128	1278:681:416	8	191	58	8
610	921	1028	1287:470:133	129	75	133
919	933	1005	1127	1242	1247	1251	1282	1296:2533:124	12	383	212	941	466	250	29	116
5	933	992	1251	1270	1278:514:120	8	187	179	12	8
768	1038	1153	1245	1257	1272	1282:1013:395	41	20	83	179	279	16
1	820	918	932	1242	1247:5845:1800	1479	4	4	1629	929
639	919	1136	1251	1253	1296	1302:2409:483	170	183	345	133	354	741
864	1155	1241	1246	1272	1280	1287:2710:937	179	375	220	425	8	566
5	73	921	938	1017	1163	1245	1252	1296	1302:6178:504	249	691	24	908	154	8	1441	570	1629
933	988	1242	1247	1251	1286	1292:11388:20	1095	1829	1408	820	1300	4916
784	920	933	982	1143	1242	1247	1251	1257	1272	1299:12127:2008	633	1	1158	600	2687	1162	833	2054	966	25
893	932	1020	1119	1245	1253	1282	1286	1292	1296:12107:1233	41	262	275	295	2516	466	1283	5316	420
686	932	1020	1251	1286	1292:4497:470	16	208	416	937	2450
2	973:391:362	29
1004	1278	1297:233:154	4	75
1157	1241	1246	1257	1271	1273:1256:58	87	108	245	8	750
932	1136	1287	1292	1296	1302:3178:54	229	208	1854	183	650
1	790	1014	1245	1251	1254	1266	1282	1286	1292:10841:1541	983	370	179	700	133	99	150	1637	5049
3	932	1243	1252	1298:1370:458	12	479	420	1
2	1038	1120	1279:514:395	4	95	20
658	932	1251	1267	1272	1297:1765:320	1	316	904	70	154
101	971	1127	1245	1250	1267	1272	1282	1287	1296:2709:50	158	333	66	54	104	758	412	654	120
726	935	1124	1251:783:429	1	70	283
1271	1279:32:20	12
698	1035	1245	1271:324:204	104	8	8
2	982	1163	1252	1258	1267	1296	1302:12984:2387	570	479	2029	3420	779	1258	2062
582	933	1147	1278:232:179	4	41	8
2	936	1033	1245	1252	1267	1272	1287:2275:712	1	216	74	520	70	587	95
596	936	1105	1242	1247	1253	1258	1266	1273:2349:291	8	45	533	216	33	970	12	241
835	984	1126	1253	1282	1287	1295:2739:987	308	287	804	33	266	54
2	1242	1243	1252:2056:645	637	183	591
891	919	932	1130	1250	1287	1292	1297:4431:1379	208	16	200	62	150	2254	162
605	1034	1128	1241	1246	1258	1267:1802:329	45	154	437	258	404	175
1040	1134	1242	1247:677:33	91	358	195
6	618	932	1014	1252	1272	1286	1292	1293	1302:11030:666	441	25	287	1495	554	1075	4625	29	1833
1157	1241	1247	1252	1253	1267	1287	1292:11324:129	475	533	1525	1579	1700	529	4854
734	1028	1282	1287	1296:1218:441	141	237	283	116
517	920	982	1251	1272	1279:1043:58	116	187	262	329	91
1241	1246	1272	1292	1296	1302:1110:12	66	137	229	41	625
5	569	995	1270:407:191	104	108	4
612	918	968	1128	1242	1247	1272:3618:491	50	287	458	1012	495	825
5	932	1002	1240	1246	1251	1253	1282	1286	1292:9859:991	29	758	12	291	737	1479	1033	650	3879
5	932	1026	1241	1246	1267:1168:266	24	112	83	183	500
882	1140	1241	1246	1279:710:533	62	49	25	41
936	1250	1292:402:8	45	349
505	937	1245	1252	1257	1267	1273	1282	1297:1726:54	4	25	320	316	450	283	154	120
6	571	936	1251	1253:519:54	166	4	212	83
5	918	933	1033	1245	1272	1287:1072:312	62	25	162	37	400	74
860	933	1044	1245	1267	1272	1287:3821:987	4	33	20	1724	408	645
6	1241	1247	1251	1257	1267	1272	1282:2280:108	129	475	454	516	66	337	195
5	933	1245	1252	1272	1293	1302:1518:283	16	25	287	366	4	537
1124	1252	1272:348:33	145	170
1	807	1170	1253	1266	1279	1287	1291	1296	1302:11108:2945	2850	62	2262	108	120	329	304	416	1712
6	579	932	981	1099	1243	1251	1286:1987:245	400	24	416	41	375	412	74
789	919	933	1251	1253	1267	1279:862:512	79	4	233	1	4	29
693	936	1124	1267:588:354	1	108	125
71	1004	1241	1246	1252	1257	1266	1271	1285	1292	1298:10208:737	1283	587	862	2645	1908	91	200	275	1450	170
600	933	1136	1242	1247	1266	1287	1292	1296	1302:12595:733	29	608	2570	866	58	1295	4362	700	1374
5	1130	1241	1246	1267	1278	1286	1292	1297:2991:495	520	745	274	166	58	29	654	50
1043	1127	1245	1250	1258	1296:572:12	125	49	125	191	70
1241	1246	1272	1279	1287	1297:1493:458	137	466	58	45	329
55	981	1240	1246	1250	1253	1258	1267	1272	1282	1286:11390:470	883	41	337	495	1304	4441	1575	587	1133	124
918	1194	1242	1243	1252	1258	1267	1282	1297:6283:191	12	895	750	937	1137	1566	412	383
1	780	1151	1271	1279:1270:525	620	62	1	62
7	558	921	1272	1279:598:4	145	154	245	50
5	932	1245	1282:256:191	20	29	16
724	1014	1123	1251	1253	1267	1282	1286	1292	1295:12000:950	366	333	958	683	758	1566	891	5437	58
799	977	1120	1241	1246	1267	1279:1356:604	150	162	229	41	150	20
2	933	1251	1253	1258	1267	1287:6209:1720	8	712	183	2483	541	562
5	1166	1242	1247	1252	1267	1282:3284:616	66	825	320	820	283	354
5	932	1017	1123	1242	1243	1252	1267	1295:4917:683	16	554	179	1141	1133	937	208	66
868	932	1044	1146	1245	1253	1282	1287	1296:2881:1045	16	25	154	133	916	1	337	254
4	1257	1272	1292	1302:5160:516	508	616	2204	1316
1136	1287	1292	1296	1302:2456:262	108	1420	162	504
2	934	973	1252	1272	1282:1910:587	8	212	491	500	112
5	918	1251	1257	1266	1279:1051:279	16	254	416	41	45
3	1241	1247	1272	1280:985:258	341	170	208	8
5	919	1037	1142	1241	1247	1251	1253	1267	1279:11758:1074	308	95	191	1775	1112	1375	2504	3158	166
5	936	1281:141:133	4	4
956	1250	1280:62:29	29	4
810	934	973	1115	1242	1247	1257	1278	1296:5042:1249	12	433	483	1299	1004	204	4	354
2	973	1271	1282:550:466	50	1	33
844	919	932	1017	1242	1247	1258	1266	1282	1296	1298:13144:1695	391	25	450	2570	862	4291	137	2070	537	116
5	918	934	1167	1241	1246	1252	1272:1555:258	58	16	8	45	79	712	379
586	934	982	1096	1242	1247	1257	1267	1272	1282:3214:275	4	425	95	825	337	554	12	654	33
921	1127	1242	1247	1251	1258	1296:3130:283	170	670	579	350	808	270
934	1133	1279:61:4	45	12
2	492	920	1120:602:395	16	91	100
109	1027	1252	1296:497:37	120	245	95
2	1014	1128	1246	1252	1266	1271	1282	1286	1292:11005:1654	500	266	479	1433	58	8	300	999	5308
2	921	936	982	1132	1251	1278	1296:1517:541	183	8	312	166	225	16	66
5	934	1130	1253	1268	1282	1297:2189:312	16	129	916	283	454	79
501	921	1251	1270	1279:260:33	104	99	8	16
892	934	1005	1098	1252	1253	1268	1295:1514:866	8	191	24	358	8	1	58
5	514	1170	1242	1247	1251	1296	1302:5171:212	83	41	1345	620	575	579	1716
6	530	978	1251:457:108	87	108	154
6	1278	1287	1292	1296	1302:2897:258	45	150	1899	141	404
2	932	998	1120	1242	1247	1267	1272:4055:908	20	491	462	954	479	262	479
5	486	1037	1242	1243	1252	1253	1267	1273	1280:10868:1641	45	45	2070	2049	1362	558	345	2708	45
642	919	1282	1296	1299:576:291	45	166	66	8
736	933	1020	1242	1247	1279	1286	1292	1295:8442:420	37	429	1262	1154	241	1408	3458	33
5	934	1240	1246	1250	1257	1266	1272	1280	1286	1292:11278:1479	8	33	1333	745	916	87	1945	16	1004	3712
988	1157	1252	1286	1292:5710:670	125	783	1187	2945
638	919	932	988	1119	1241	1246	1253	1267	1286	1292	1296:10003:429	158	24	629	179	83	187	1166	258	1212	5504	174
1242	1247	1295:415:270	116	29
870	920	933	1154	1245	1279	1296	1302:5176:2258	512	70	79	158	266	275	1558
565	1017	1127	1242	1247	1251	1296:2059:237	208	220	704	391	195	104
5	1137:195:108	87
932	979	1174	1253	1278:156:12	54	8	70	12
717	984	1241	1246	1272	1287:1547:529	133	391	70	241	183
6	688	1016	1128	1242	1243	1251:3085:233	600	91	204	900	691	366
921	935	981	1136	1252	1253	1273	1286	1296	1302:12866:716	8	512	1370	1658	2341	2512	883	762	2104
6	1016	1252	1267:502:87	66	300	49
655	1245	1272:357:237	37	83
683	919	933	975	1253	1267	1278	1296:1749:558	125	16	179	687	1	25	158
51	1144	1241	1247	1257	1272:2101:150	270	475	199	491	516
1044	1129	1241	1246	1282	1287	1296:418:37	54	45	70	1	145	66
781	1251	1279:578:433	120	25
633	980	1251	1272	1292:1951:391	295	262	608	395
1005	1241	1246	1251	1257	1267	1282	1297:3600:483	245	279	383	558	62	1320	270
861	982	1125	1246	1250	1273	1282	1296:3159:1150	333	387	200	112	437	370	170
5	934	1246	1252:499:191	4	75	229
901	965	1246	1251	1253	1258	1279	1298:5955:1987	525	295	820	1429	679	125	95
739	980	1267	1285	1292	1296	1302:1247:458	158	225	20	87	124	175
869	935	1120	1242	1247	1250	1267	1272	1287	1292:10079:1404	8	304	1625	737	320	491	608	620	3962
981	1100	1245	1250	1267	1272:1073:179	62	91	8	350	383
496	981	1245	1253	1267:310:50	137	37	20	66
38	1241	1247	1270	1278:661:200	291	158	8	4
715	919	932	984	1287:549:262	54	8	125	100
5	974	1250	1258	1279	1286:998:304	50	104	391	79	70
871	980	1150	1242	1247	1257	1258	1267	1272	1285	1292:9732:1004	487	270	766	1062	1166	2916	666	429	229	737
669	918	1028	1252	1287:1203:316	1	87	437	362
751	1001	1242	1247	1252	1257:3257:783	325	750	329	620	450
832	917	932	973	1110	1241	1246	1250	1272	1282	1302:10882:2900	279	45	900	945	825	470	241	1616	41	2620
6	721	918	1016	1241	1246	1267	1295:4917:595	904	108	345	766	408	1766	25
934	980	1099	1242	1247	1257	1272	1292:4167:16	541	325	962	458	787	791	287
660	1035	1241	1246:726:220	70	320	116
5	568	934	1159	1242	1243	1257	1279	1296:3017:366	387	4	166	629	837	479	99	50
824	973	1149	1278:648:470	79	83	16
651	919	1171	1241	1246	1252	1298:1689:516	158	20	375	187	304	129
918	934	991	1246	1252	1257	1272	1279	1297:2200:58	20	308	154	425	366	658	70	141
6	1052	1241	1246	1270	1282	1286	1296	1302:1041:141	79	41	41	24	66	345	104	200
56	1027	1267	1271:320:104	125	83	8
5	1037	1159	1271	1296:248:108	54	25	12	49
827	919	973	1104:960:691	91	129	49
3	1250:349:283	66
920	932	981	1250:465:104	12	266	83
5	561	1125	1241	1246	1296:817:183	224	87	141	120	62
849	934	980	1241	1246	1257	1267	1272	1279	1285	1292	1296	1302:11164:2070	16	216	1220	733	883	312	691	191	270	1654	454	2454
622	934	1032	1129	1242	1247	1252	1296:3622:550	20	237	383	970	533	729	200
704	1278:333:329	4
624	921	956	1124	1272:573:158	170	16	104	125
3	30	918	1016	1267	1282	1295:2022:516	254	41	275	833	83	20
689	963	1242	1247	1257	1295	1298:1608:466	87	499	141	262	8	145